function [Tempin] = inlet_gas_temperature_November(qneg)

Tempin= [
25
26.53
33.14
46.02
54.96
57.25
53.2
48.79
45.04
41.79
39.8
38.6
38.11
38.45
39.47
41.09
43.02
45.18
46.98
49.57
51.43
54.03
56.7
59.13
61.74
64.38
66.88
69.88
72.6
75.16
78.19
80.07
83.39
85.99
88.1
90.46
93.4
95.4
97.56
99.62
101.64
104.02
105.73
107.65
109.71
111.48
113.49
115.21
116.96
118.95
120.99
122.99
124.8
126.93
129.03
131.19
133.49
135.94
138.49
140.79
143.21
145.86
148.3
150.89
153.64
156.31
158.71
161.31
164.15
166.56
169.04
171.66
173.72
176.31
178.7
181.14
183.41
185.94
188.26
190.59
192.8
195.11
197.38
199.18
201.59
203.47
205.47
207.16
208.86
210.05
211.26
212.45
213.56
214.47
215.15
215.93
216.64
217.19
217.94
218.5
219.14
219.52
219.83
220.24
220.68
220.99
221.49
221.82
222.09
222.38
222.71
223.09
223.55
223.89
224.35
224.62
224.68
224.67
224.82
224.92
224.96
225.24
225.43
225.49
225.77
226.04
226.2
226.43
226.74
226.89
226.96
226.91
226.97
227.06
227.23
227.49
227.6
227.75
227.78
227.82
227.83
227.92
228.09
228.16
228.22
228.3
228.3
228.37
228.49
228.7
228.79
228.75
228.7
228.73
228.74
228.89
229.03
229.16
229.14
229.08
229.08
229.09
229.18
229.33
229.44
229.43
229.41
229.37
229.39
229.58
229.67
229.74
229.71
229.63
229.5
229.5
229.63
229.76
229.89
229.93
229.87
229.78
229.71
229.71
229.8
229.95
230.08
230.04
230.01
229.97
229.95
230.15
230.26
230.3
230.2
230.07
229.99
230.01
230.1
230.22
230.33
230.32
230.27
230.25
230.26
230.3
230.41
230.51
230.42
230.37
230.35
230.35
230.39
230.4
230.52
230.42
230.28
230.38
230.34
230.36
230.37
230.45
230.42
230.47
230.42
230.45
230.5
230.6
230.72
230.72
230.68
230.6
230.51
230.51
230.4
230.44
230.59
230.62
230.55
230.5
230.54
230.67
230.7
230.74
230.65
230.61
230.56
230.58
230.72
230.82
230.9
230.81
230.67
230.54
230.51
230.53
230.68
230.73
230.72
230.66
230.62
230.66
230.74
230.83
230.91
230.92
230.77
230.62
230.59
230.63
230.76
230.89
230.87
230.81
230.75
230.75
230.78
230.89
230.89
230.8
230.65
230.63
230.59
230.72
230.87
230.95
230.96
230.89
230.78
230.71
230.67
230.79
230.88
230.92
230.83
230.8
230.73
230.75
230.87
230.95
230.94
230.87
230.74
230.61
230.62
230.68
230.84
230.94
230.92
230.86
230.78
230.75
230.84
230.9
230.94
230.93
230.86
230.77
230.62
230.8
230.9
230.96
230.93
230.78
230.71
230.65
230.66
230.77
230.84
230.9
230.83
230.76
230.8
230.85
230.83
230.8
230.84
230.81
230.73
230.69
230.77
230.91
231.02
231.04
231.02
230.9
230.88
230.89
230.99
231.05
230.82
230.69
230.53
230.53
230.69
230.85
231
231.04
230.96
230.85
230.77
230.77
230.95
231.02
231.02
230.99
230.82
230.74
230.78
230.93
231.03
231.11
231.07
230.95
230.9
230.9
230.94
230.99
230.95
230.89
230.84
230.83
230.88
230.98
231.09
231.11
231.03
230.87
230.75
230.71
230.78
230.89
230.93
230.94
230.9
230.88
230.85
230.94
231.08
231.08
230.99
230.83
230.75
230.76
230.81
231
231.13
231.15
231.02
230.89
230.79
230.85
230.92
231.01
231.01
230.93
230.83
230.86
230.94
231
231.1
231.08
230.91
230.81
230.72
230.8
230.94
231.02
231.02
230.94
230.93
230.89
230.91
231.02
231.02
230.96
230.88
230.77
230.67
230.72
230.86
231
230.96
230.75
230.76
230.77
230.81
230.85
230.9
230.95
231.01
230.93
230.86
230.86
230.9
230.99
231.05
230.99
230.92
230.84
230.9
230.98
231.07
231.11
231.07
230.98
230.87
230.48
230.85
230.94
231.08
231.08
230.99
230.83
230.75
230.76
230.81
231
231.13
231.15
231.02
230.89
230.79
230.85
230.92
231.01
231.01
230.93
230.83
230.86
230.94
231
231.1
231.08
230.91
230.81
230.72
230.8
230.94
231.02
231.02
230.94
230.93
230.89
230.91
231.02
231.02
230.96
230.88
230.77
230.67
230.72
230.86
231
230.96
230.75
230.76
230.77
230.81
230.85
230.9
230.95
231.01
230.93
230.86
230.86
230.9
230.99
231.05
230.99
230.92
230.84
230.9
230.98
231.07
231.11
231.07
230.98
230.87
230.48
229.78
228.45
226.42
223.58
219.62
213.45
204.63
192.06
175.44
159.33
142.75
129.31
118.59
110.79
104.99
100
96.97
94.36
83.23
66.77
54.05
45.33
39.66
36.17
33.68
32.01
30.76
29.85
29.19
28.75
28.41
27.95
27.58
27.35
27
26
26.73
26.54
26.39
26.26
26.15
25.94
25.83
25.79
25.68
25.59
25
25.37
25.27
25
25
25
25
24.94
];
end

