function [Tempin] = inlet_gas_temperature_April(qneg)
%if this is to be used: change line 195 in Desorption code from:
%Tgasin=Tempin(ceil(tminutes)); to
%Tgasin=Tempin(ceil(0.5*tminutes));

Tempin= [25
25
25
25
25
25
25
25
25
25
25
26
28
29
31
33
35
38
41
45
48
51
55
58
60
62
65
68
72.6
75.16
78.19
80.07
83.39
85.99
88.1
90.46
93.4
95.4
97.56
99.62
101.64
104.02
105.73
107.65
109.71
111.48
112
113
114
115
116
117
117
117
117
117
117
117
117
117
117
117
117
117
117
117
117
117
117
117
117
117
117
117
117
117
117
117
117
117
117
117
117
117
117
117
117
117
117
117
117
117
117
117
117
117
117
117
117
117
117
117
117.5
118
118.95
120.99
122.99
124.8
126.93
129.03
131.19
133.49
135.94
138.49
140.79
143.21
145.86
148.3
150.89
153.64
156.31
158.71
161.31
164.15
166.56
169.04
171.66
173.72
176.31
178.7
181.14
183.41
185.94
188.26
190.59
192.8
195.11
197.38
199.18
201.59
203.47
205.47
207.16
208.86
210.05
211.26
213
215
217
219
221
223
225
227
229
230
230
230
230
230
230
230
230
230.2
230.4
230.6
230.8
231
231
231
231
231
231
231
231
231
231
231
231
231
231
231
231
231
231
231
231
231
231
231
231
231
231
231
231
231
231
231
231
231
231
231
231
231
231
231
231
231
231
231
231
231
231
231
231
231
231
231
231
231
231
231
231
231
231
231
231
231
231
231
231
231
231
231
231
231
231
231
231
231
231
231
231
231
231
231
231
231
231
231
231
231
231
231
231
231
231
231
231
231
231
231
231
231
231
231
231
231
231
231
231
231
231
231
231
231
231
231
231
231
231
231
231
231.2
231.2
231.2
231.4
231.4
231.4
231.4
231.4
231.6
231.6
231.6
231.6
231.6
231.6
231.8
231.8
231.8
231.8
231.8
231.8
231.8
231.8
231.8
231.8
231.8
232
232
232
232
232
232
232
232
232
232
232
232
232
232
232
232
232
232
232
232
232
232
232
232
232
232
232
232
232
232
232
232
232
232
232
232
232
232
232
232
232
232
232
232
232
232
232
232
232
232
232
232
232
232
232
232
232
232
232
232
232
232
232
232
232
232
232
232
232
232
232
232
232
232
232
232
232
232
232
232
232
232
232
232
232
232
232
232
232
232
232
232
232
232
232
232
232
232
232
232
232
232
232
232
232
232
232
232
232
232
232
232
232
232
232
232
232
232
232
232
232
232
232
232
232
232
232
232
232
232
232
232
232
232
232
232
232
232
232
232
232
232
232
232
232
232
232
232
232
232
232
232
232
232
232
232
232
232
232
232
232
232
232
232
232
232
232
232

];
end

