function [mwa] = mwa_Base_Case(hvap)
mwa=[0
    0
    0
    0
    0
    0
    0
    0
    0
    0
    0
    0
    0
        0.0000
    0.0000
    0.0000
    0.0000
    0.0000
    0.0000
    0.0000
    0.0000
    0.0000
    0.0000
    0.0000
    0.0000
    0.0000
    0.0000
    0.0000
    0.0000
    0.0000
    0.0000
    0.0000
    0.0000
    0.0000
    0.0001
    0.0002
    0.0002
    0.0002
    0.0003
    0.0003
    0.0004
    0.0005
    0.0005
    0.0006
    0.0007
    0.0009
    0.0010
    0.0011
    0.0014
    0.0016
    0.0019
    0.0023
    0.0027
    0.0032
    0.0038
    0.0044
    0.0020
    0.0023
    0.0028
    0.0033
    0.0037
    0.0046
    0.0053
    0.0063
    0.0073
    0.0086
    0.0103
    0.0120
    0.0141
    0.0167
    0.0199
    0.0232
    0.0275
    0.0326
    0.0383
    0.0452
    0.0535
    0.0635
    0.0747
    0.0882
    0.1043
    0.1231
    0.1457
    0.1721
    0.2032
    0.2402
    0.2836
    0.3352
    0.3961
    0.4678
    0.5528
    0.6556
    0.7718
    0.9145
    1.0773
    1.2746
    1.5041
    1.7770
    2.0981
    2.4778
    2.9280
    3.4557
    4.0811
    4.8197
    5.6899
    6.7180
    8.0344
    9.9877
   12.1354
   14.3480
   16.7862
   19.5402
   22.7971
   26.5138
   30.6030
   34.7425
   37.8284
   38.6547
   38.7112
   38.7149
   38.7149
   38.7149
   38.7149
   38.7149
   38.7149
   38.7149
   38.7149
   38.7149
   38.7149
   38.7149
   38.7149
   38.7149
   38.7149
   38.7149
   38.7149
   38.7149
   38.7149
   38.7149
   38.7149
   38.7149
   38.7149
   38.7149
   38.7149
   38.7149
   38.7149
   38.7149
   38.7149
   38.7149
   38.7149
   38.7149
   38.7149
   38.7149
   38.7149
   38.7149
   38.7149
   38.7149
   38.7149
   38.7149
   38.7149
   38.7149
   38.7149
   38.7149
   38.7149
   38.7149
   38.7149
   38.7149
   38.7149
   38.7149
   38.7149
   38.7149
   38.7149
   38.7149
   38.7149
   38.7149
   38.7149
   38.7149
   38.7149
   38.7149
   38.7149
   38.7149
   38.7149
   38.7149
   38.7149
   38.7149
   38.7149
   38.7149
   38.7149
   38.7149
   38.7149
   38.7149
   38.7149
   38.7149
   38.7149
   38.7149
   38.7149
   38.7149
   38.7149
   38.7149
   38.7149
   38.7149
   38.7149
   38.7149
   38.7149
   38.7149
   38.7149
   38.7149
   38.7149
   38.7149
   38.7149
   38.7149
   38.7149
   38.7149
   38.7149
   38.7149
   38.7149
   38.7149
   38.7149
   38.7149
   38.7149
   38.7149
   38.7149
   38.7149
   38.7149
   38.7149
   38.7149
   38.7149
   38.7149
   38.7149
   38.7149
   38.7149
   38.7149
   38.7149
   38.7149
   38.7149
   38.7149
   38.7149
   38.7149
   38.7149
   38.7149
   38.7149
   38.7149
   38.7149
   38.7149
   38.7149
   38.7149
   38.7149
   38.7149
   38.7149
   38.7149
   38.7149
   38.7149
   38.7149
   38.7149
   0
   0
   0
   0
   0
   0
   0
   0
   0
   0
   0
   0
   0
];
   end